-1 -1 -1  54 -1 -1 -1  54 -1 -1 -1  54 -1 -1 -1  54
 1 -1 -1 100 -1 -1 -1  52 -1 -1 -1  52 -1 -1 -1  52
-1  1 -1  40  1 -1 -1 100 -1 -1 -1  53 -1 -1 -1  53
 1  1 -1  50  1 -1 -1 110 -1 -1 -1  58 -1 -1 -1  58
-1 -1  1 175 -1  1 -1  40  1 -1 -1 100 -1 -1 -1  55
 1 -1  1 200 -1  1 -1  50  1 -1 -1 110 -1 -1 -1  51
-1  1  1 160  1  1 -1  50  1 -1 -1 102 -1 -1 -1  48
 1  1  1 170  1  1 -1  50  1 -1 -1 105 -1 -1 -1  55
              1 -1  1 175 -1  1 -1  40  1 -1 -1 100
             -1 -1  1 170 -1  1 -1  50  1 -1 -1 110
              1 -1  1 200 -1  1 -1  50  1 -1 -1 102
              1 -1  1 190 -1  1 -1  37  1 -1 -1 105
             -1  1  1 160  1  1 -1  50  1 -1 -1 111
             -1  1  1 149  1  1 -1  50  1 -1 -1 100
              1  1  1 170  1  1 -1  51  1 -1 -1 100
              1  1  1 160  1  1 -1  44  1 -1 -1 110
                          -1 -1  1 175 -1  1 -1  40
                          -1 -1  1 170 -1  1 -1  50
                          -1 -1  1 182 -1  1 -1  50
                          -1 -1  1 163 -1  1 -1  37
                           1 -1  1 200 -1  1 -1  41
                           1 -1  1 190 -1  1 -1  40
                           1 -1  1 190 -1  1 -1  50
                           1 -1  1 200 -1  1 -1  45
                          -1  1  1 160  1  1 -1  50
                          -1  1  1 149  1  1 -1  50
                          -1  1  1 150  1  1 -1  51
                          -1  1  1 150  1  1 -1  44
                           1  1  1 170  1  1 -1  50
                           1  1  1 160  1  1 -1  52
                           1  1  1 170  1  1 -1  55
                           1  1  1 160  1  1 -1  50
                                       -1 -1  1 175
                                       -1 -1  1 170
                                       -1 -1  1 182
                                       -1 -1  1 163
                                       -1 -1  1 180
                                       -1 -1  1 185
                                       -1 -1  1 185
                                       -1 -1  1 165
                                        1 -1  1 200
                                        1 -1  1 190
                                        1 -1  1 190
                                        1 -1  1 200
                                        1 -1  1 200
                                        1 -1  1 200
                                        1 -1  1 200
                                        1 -1  1 190
                                       -1  1  1 160
                                       -1  1  1 149
                                       -1  1  1 150
                                       -1  1  1 150
                                       -1  1  1 151
                                       -1  1  1 168
                                       -1  1  1 151
                                       -1  1  1 150
                                        1  1  1 170
                                        1  1  1 160
                                        1  1  1 170
                                        1  1  1 160
                                        1  1  1 170
                                        1  1  1 170
                                        1  1  1 170
                                        1  1  1 160