       1       1    6.77     242
       1       1   23.67     314
       1       1   37.67     326
       2       1    6.77     272
       2       1   23.67     305
       2       1   37.67     364
       3       1    6.77     195
       3       1   23.67     374
       3       1   37.67     363
       4       1    6.77     195
       4       1   23.67     280
       4       1   37.67     266
       5       1    6.54     150
       5       1    23.5     244
       5       1   37.54     197
       1       2    6.77     137
       1       2   23.67     196
       1       2   37.67     249
       2       2    6.77     149
       2       2   23.69     228
       2       2   37.67     298
       3       2    6.77     170
       3       2   23.67     275
       3       2   37.67     331
       4       2    6.77     117
       4       2   23.67     199
       4       2   37.67     206
       5       2    6.54     146
       5       2   23.55     177
       5       2   37.54     164
       1       1   11.92     298
       1       1   26.87     350
       1       1   41.87     319
       2       1   11.92     225
       2       1   26.87     293
       2       1   41.87     355
       3       1   11.92     256
       3       1   26.87     423
       3       1   41.87     424
       4       1   11.92     256
       4       1   26.87     248
       4       1   41.87     279
       5       1   11.75     228
       5       1   26.64     234
       5       1   41.64     274
       1       2   11.92     174
       1       2   26.87     183
       1       2   41.87     258
       2       2   11.92     179
       2       2   26.87     221
       2       2   41.87     298
       3       2   11.92     247
       3       2   26.87     327
       3       2   41.78     336
       4       2   11.92     174
       4       2   26.87     182
       4       2   41.87     227
       5       2   11.75     170
       5       2   26.64     194
       5       2   41.64     213
       1       1   13.77     297
       1       1   30.71     348
       1       1   48.71     391
       2       1   13.77     254
       2       1   30.71     343
       2       1   48.71     453
       3       1   13.77     279
       3       1   30.71     408
       3       1   48.71     538
       4       1   13.77     210
       4       1   30.71     305
       4       1   48.71     247
       5       1   13.54     197
       5       1   30.59     304
       5       1   48.58     185
       1       2   13.77     135
       1       2   30.71     348
       1       2   48.71     282
       2       2   13.77     151
       2       2   30.71     329
       2       2   48.71     296
       3       2   13.77     245
       3       2   30.71     326
       3       2   48.71     534
       4       2   13.77     151
       4       2   30.71     259
       4       2   48.71     191
       5       2   13.54     190
       5       2   30.59     267
       5       2   48.58     196
       1       1   18.71     212
       1       1   33.91     342
       1       1   59.71     322
       2       1   18.71     313
       2       1   33.91     314
       2       1   59.71     501
       3       1   18.71     357
       3       1   33.91     397
       3       1   59.71     720
       4       1   18.71     210
       4       1   33.91     298
       4       1   59.71     309
       5       1   18.59     195
       5       1   33.74     193
       5       1   59.58     300
       1       2   18.71     147
       1       2   33.91     244
       1       2    2.59     296
       2       2   18.71     191
       2       2   33.91     290
       2       2   59.71     453
       3       2   18.71     224
       3       2   33.91     324
       3       2   59.71     672
       4       2   18.71     189
       4       2   33.91     229
       4       2   59.71     258
       5       2   18.59     197
       5       2   33.74     171
       5       2   59.58     260